# Created by Octave 4.4.1, Thu Nov 15 13:43:28 2018 GMT <unknown@DESKTOP-30D5MDE>
# name: y
# type: matrix
# rows: 45
# columns: 1
 0
 0
 0
 0
 0
 0
 0
 0
 0
 0
 0
 0
 0
 0
 0
 0
 0
 0
 0
 0
 0
 0
 0
 0
 0
 0
 0
 0
 0
 0
 1
 1
 1
 1
 1
 1
 1
 1
 1
 1
 1
 1
 1
 1
 1


