# Created by Octave 4.4.1, Thu Nov 15 13:36:58 2018 GMT <unknown@DESKTOP-30D5MDE>
# name: spamIndices
# type: cell
# rows: 15
# columns: 1
# name: <cell-element>
# type: matrix
# rows: 1
# columns: 670
 688 531 1736 133 1120 1120 1120 1120 1120 1417 1224 425 1699 531 1373 688 1120 1120 1120 1120 227 309 1860 804 666 1736 1120 133 1120 1120 1120 1120 1120 1373 688 1120 1120 1120 1120 227 1860 1120 1120 1120 666 531 1521 493 1736 1120 133 1120 1120 1120 1120 1120 1373 688 1184 531 1120 1120 1120 1120 227 1184 1120 1120 1120 1120 1120 1120 1860 804 666 685 1120 133 1120 1120 1120 1120 1120 1373 688 531 1120 1120 1120 1120 227 1184 1120 1120 1120 1120 1120 1120 1860 804 685 1120 133 1120 1120 1120 1120 1120 1373 688 309 1095 1120 1120 1120 1120 227 1184 1120 1120 1120 1120 1120 1120 1860 804 666 685 1120 133 1120 1120 1120 1120 1120 1812 1184 790 1095 1120 1120 1120 1120 292 1699 162 309 1373 688 1120 1120 1120 1120 1120 1120 1120 1120 227 309 1120 1120 804 685 1120 133 1120 1120 1120 1120 1120 1032 804 401 685 1120 133 1120 1120 1120 1120 1120 1699 531 688 1584 1117 1043 1790 1120 1120 354 1741 1662 1257 277 1766 117 673 658 1607 1592 1666 1478 531 560 1699 531 1790 1120 1120 221 961 804 876 960 1773 735 531 1893 103 1373 1676 948 165 1893 756 599 71 860 825 1373 840 5 1174 224 1178 810 1676 877 1671 1264 10 1084 1067 1520 92 1676 877 1171 1694 992 1538 1106 1398 877 1092 810 1893 1785 167 222 74 147 227 1078 949 1009 1671 1264 1366 1676 948 883 371 162 1666 1067 822 1171 1665 743 574 921 825 1895 1078 949 1009 877 800 1050 666 1067 1230 743 610 1699 425 1171 883 1323 666 1666 1221 1120 1889 1666 1162 1666 490 743 370 802 1162 1684 1162 1230 1668 687 1668 675 74 1668 788 1666 608 877 1665 877 1019 1665 883 240 1869 666 1067 1230 1666 321 74 1666 633 1844 504 1666 181 1060 825 103 1113 718 1699 1652 1893 1666 1369 1595 643 1673 877 1546 1844 743 1666 1699 389 1688 1666 74 74 1652 1666 1734 5 775 724 1099 1673 877 71 61 1699 1665 1869 74 1869 181 810 1893 757 1891 1895 490 1671 1893 1093 1699 1468 1676 504 1666 912 1162 828 1893 1785 490 5 877 507 1663 1893 1678 1860 1895 1241 956 1699 1477 1893 948 1665 1852 1652 1893 1847 476 1869 666 1067 1230 74 1852 1671 867 1893 1699 1547 1538 1099 74 1665 1893 965 1867 1847 1893 757 764 1162 1676 168 1323 1665 1673 1852 162 1106 663 1760 1106 1445 1106 1171 1852 234 1893 74 1895 530 25 1852 1173 162 1766 1699 1477 1893 1666 840 1238 1699 1373 1676 681 953 272 840 1518 298 1400 1741 1477 839 825 1666 1607 208 74 785 1477 965 708 1666 840 1699 1893 1861 1120 792 902 976 666 1666 1868 1808 1162 825 1895 1546 1374 1483 1666 948 1699 1018 74 883 743 167 1666 1067 605 1175 645 840 756 574 1373 173 1665 1893 1852 631 1666 1446 1804 1172 1893 1785 1366 883 74 883 681 1676 530 877 1098 1483 1757 1676 877 1113 1560 1893 103 1373 1676 530 165 1893 1513 1896 1760 1699 1191 961 1860 1191 1174 672 1182 1688 1766 1162 1191 959 1203 74 1631 1840 756 1656 1162 1766 1840 1585 1665 1688 883 1766 1893 46 1699 1373 1191 530 1893 991 60 162 1025 1162 330 1631 961 1182 1171 1162 1002 681 1009 1493 74 116 1613 1893 46 1837 1893 1513 1760 666 1613 961 1665 1893 1876 60 162 1373 1676 530 495 1699 1666 6 1676 530 1032 240 162 346 1757 1182 1560 876 960 1773 735 531 799 666 1744 1610 840 961 995 531


# name: <cell-element>
# type: matrix
# rows: 1
# columns: 308
 688 531 1689 133 1120 1120 1120 1120 1120 1417 1224 425 1699 531 1373 688 1120 1120 1120 1120 227 1561 1184 1860 804 666 1689 1120 133 1120 1120 1120 1120 1120 1373 688 992 1095 1120 1120 1120 1120 227 1860 1120 1120 1120 666 531 1521 493 1689 1120 133 1120 1120 1120 1120 1120 1373 688 1120 1120 1120 1120 227 1095 1120 1120 1120 1120 1120 1120 1860 804 666 1689 1120 133 1120 1120 1120 1120 1120 688 531 1373 688 1536 309 1120 1120 1120 1120 227 1860 1036 1120 1120 1120 1120 1120 1450 1120 133 1120 1120 1120 1120 1120 1699 1607 953 853 1847 1204 1064 401 1825 1120 133 1120 1120 1120 1120 1120 1043 1790 1120 1120 1032 804 354 1741 1662 797 277 880 1120 1120 354 1722 538 1353 1302 1452 1760 1699 1120 1171 953 853 1847 1571 1064 1663 1893 756 1699 953 1353 1452 1895 614 645 1467 877 1788 822 953 1353 1452 986 218 953 853 1517 74 37 1819 1334 681 11 1699 1666 1788 176 321 74 1666 984 1359 953 1353 1452 877 617 500 74 1452 1893 1060 947 1766 771 1893 708 1584 1860 1666 176 825 1666 374 1171 1099 379 1893 238 1452 802 1182 571 1162 477 227 1405 681 1353 688 1452 1191 1493 1852 1636 1893 945 1663 1120 1048 1699 328 1507 71 322 1452 1760 1699 1120 1171 53 1741 1162 953 853 298 775 666 1895 681 1353 1330 1895 614 877 1666 176 869 1893 965 997 810 1893 103 825 1162 1676 530 825 560 74 1182 1859 1699 162 1398 688 1191 961 1264 298 775 74 1741 1398 810 1893 1409 825 75 1585 1840 992 666 260 1264 1676 530


# name: <cell-element>
# type: matrix
# rows: 1
# columns: 647
 688 531 1058 1120 1120 1120 1120 1120 1417 1224 531 426 401 1058 991 1120 1120 1120 1120 1120 1373 688 309 1120 1120 1120 1120 227 1184 1120 1120 1120 1120 1120 1120 1860 804 666 1058 1120 991 1120 1120 1120 1120 1120 1373 688 1120 1120 1120 1120 1120 1120 1120 825 1120 1120 1120 1120 227 309 1120 1120 1120 1120 1120 1120 1860 1536 804 666 1058 1120 991 1120 1120 1120 1120 1120 1373 688 797 1120 1120 1120 1120 227 1120 1120 1120 1120 1120 1120 1120 825 1120 1120 1860 1536 804 1058 1120 991 1120 1120 1120 1120 1120 1032 804 688 531 1699 531 1607 1369 1330 681 1506 1694 1120 1120 1120 1267 401 1058 1120 898 1120 1120 1120 1120 1043 1790 1120 1120 354 1741 1662 797 277 417 1666 1093 666 877 1369 825 1120 1893 1038 1173 708 1171 271 162 1368 681 1506 749 1861 1666 1767 810 1893 1183 168 991 1120 1120 1120 393 1621 1445 1117 1759 991 1120 1120 1452 1760 1699 479 1120 1171 1545 884 883 708 1699 162 41 1330 1896 116 1893 1807 74 588 1195 60 1330 1895 981 1171 116 1667 1417 787 688 307 942 1330 666 307 732 1760 311 1330 710 1673 877 1115 1875 1064 1330 1663 953 1191 446 1315 103 942 1330 894 1666 1810 1171 74 522 1442 1330 1895 981 1171 74 1896 1106 1015 1844 1893 103 1106 1015 1835 289 1182 1893 964 825 810 1893 964 825 66 1893 1852 162 1714 227 1893 763 5 883 1171 1739 1893 1366 5 883 825 1666 883 1106 1465 1665 877 996 1309 825 1666 1700 103 646 883 507 1699 318 53 1666 1694 1821 103 139 1191 289 1270 667 756 1064 1869 1663 1667 238 749 571 810 1675 103 1667 1866 162 1571 974 825 1191 1087 74 1841 103 1831 143 1162 1666 1309 1667 481 1471 1699 756 75 522 81 1191 530 25 531 860 1893 1852 162 1330 1896 1861 1120 393 481 1805 1796 1191 1822 1203 174 74 894 1666 1810 1171 799 1831 1673 877 71 522 81 1636 1413 666 1895 1197 1467 1191 1523 743 1783 1162 1347 1242 1467 1315 1796 1191 1523 287 1666 1242 1467 1315 1665 103 1425 666 1893 1766 1669 74 894 1666 1810 1171 681 1860 75 1750 1341 1779 1162 479 1120 1819 1506 1183 1861 1120 1699 1120 393 1699 575 1585 825 1666 227 1760 1182 1493 1795 67 599 410 246 10 118 1896 1676 1349 810 1893 481 771 1895 981 1171 1844 1852 860 799 1666 1120 1120 479 1120 1666 667 1606 1120 1120 479 1120 1666 1120 1120 479 1120 1666 1120 1120 479 1120 1666 1120 1120 479 1120 1666 1120 1120 479 1120 1666 1120 1120 479 1120 1666 1120 1120 479 1120 1171 479 1120 1740 1182 1064 479 1120 1171 479 1120 1740 1182 1064 479 1120 23 479 1120 666 1506 749 276 1699 1183 227 992 1264 1477 1699 1666 174 25 997 1699 1648 1648 1120 1120 1191 530 25 531 1183 227 1120 792 623 1120 1120 1120 822 383 246 840 1264 1366 174 383 246 25 289 1585 74 1899 305 1083 1013 182 25 1699 162 1311 280 1795 410 246 1086 116 883 95 1171 280 1182 383 246 25 116 883 95 1171 280 1182 383 246 289 1585 1899 116 883 95 1171 280 1182 383 246 374 383 246 1120 596 1062 1889 135 1514 822 1114 810 1506 25 877 452 688 1666 182 25 6 1264 640 1192 840 174 1506 1086 1506 25 1506 289 1585 1899 374 530 25 1244 1120 1264 1878


